9.58 2009
9.63 2012
9.69 2008
9.69 2009
9.69 2012
9.71 2009
9.72 2008
9.72 2008
9.74 2007
9.74 2015
9.75 2012
9.75 2012
9.75 2015
9.75 2015
9.76 2008
9.76 2011
9.76 2012
9.76 2012
9.76 2019
9.76A 2021
9.76 2022
9.77 2005
9.77 2006
9.77 2006
9.77 2008
9.77 2008
9.77 2008
9.77 2009
9.77 2013
9.77 2014
9.77 2015
9.77 2021
9.77A 2021
9.77 2022
9.77 2024
9.78 2007
9.78 2010
9.78 2010
9.78 2011
9.78 2015
9.79 1999
9.79 2009
9.79 2010
9.79 2011
9.79 2012
9.79 2012
9.79 2015
9.79 2018
9.79 2022
9.79A 2024
9.79 2024
9.79 2024
9.80 1999
9.80 2011
9.80 2012
9.80 2013
9.80 2014
9.80 2015
9.80 2016
9.80 2021
9.80 2021
9.80 2024
9.81 2009
9.81 2015
9.81 2016
9.81 2019
9.81 2022
9.81 2024
9.81 2024
9.81 2024
9.82 2001
9.82 2008
9.82 2008
9.82 2009
9.82 2010
9.82 2010
9.82 2011
9.82 2011
9.82 2012
9.82 2012
9.82 2014
9.82 2014
9.82 2017
9.82 2024
9.82 2024
9.82 2024
9.82 2024
9.83 2007
9.83 2008
9.83 2008
9.83 2010
9.83 2014
9.83 2016
9.83 2021
9.83 2021
9.83 2022
9.83 2023
9.83 2023
9.83 2023
9.83 2023
9.83 2024
9.83 2024
9.83 2024
9.84 1996
9.84 1999
9.84 2005
9.84 2006
9.84 2007
9.84 2007
9.84 2009
9.84 2010
9.84 2010
9.84 2012
9.84 2015
9.84 2015
9.84 2015
9.84 2016
9.84 2021
9.84 2021
9.84 2021
9.84A 2023
9.84 2024
9.84 2024
9.85 1994
9.85 1999
9.85 2004
9.85 2005
9.85 2006
9.85 2006
9.85 2006
9.85 2007
9.85 2008
9.85 2008
9.85 2008
9.85 2009
9.85 2010
9.85 2011
9.85 2011
9.85 2011
9.85 2012
9.85 2012
9.85 2012
9.85 2013
9.85 2013
9.85 2019
9.85 2021
9.85 2021
9.85 2021
9.85A 2022
9.85 2022
9.85 2022
9.85A 2023
9.85 2023
9.85 2023
9.85 2023
9.85 2024
9.85 2024
9.86 1991
9.86 1996
9.86 1997
9.86 1998
9.86 1998
9.86 1999
9.86 1999
9.86 2000
9.86 2004
9.86 2006
9.86 2006
9.86 2009
9.86 2010
9.86 2010
9.86 2011
9.86 2012
9.86 2012
9.86 2012
9.86 2012
9.86 2014
9.86 2015
9.86 2015
9.86 2015
9.86 2016
9.86 2016
9.86 2016
9.86 2019
9.86 2019
9.86 2019
9.86 2020
9.86 2021
9.86 2021
9.86 2021
9.86 2022
9.86 2022
9.86 2022
9.86 2022
9.86 2023
9.86 2024
9.86 2024
9.86 2024
9.86 2024
9.87 1993
9.87 1996
9.87 1997
9.87A 1998
9.87 1999
9.87 2000
9.87 2004
9.87 2004
9.87 2008
9.87 2008
9.87 2012
9.87 2012
9.87 2013
9.87 2014
9.87 2014
9.87 2015
9.87 2015
9.87 2015
9.87 2015
9.87 2015
9.87 2018
9.87 2019
9.87 2021
9.87 2022
9.87 2023
9.87 2023
9.87 2024
9.87 2024
9.87 2024
9.87 2024
9.88 1991
9.88 1998
9.88 2001
9.88 2004
9.88 2005
9.88 2006
9.88 2006
9.88 2008
9.88 2009
9.88 2009
9.88 2009
9.88 2010
9.88 2010
9.88 2010
9.88 2011
9.88 2011
9.88 2012
9.88 2012
9.88 2012
9.88 2012
9.88 2015
9.88 2015
9.88 2016
9.88 2016
9.88 2018
9.88 2018
9.88 2019
9.88 2021
9.88 2021
9.88 2022
9.88 2022
9.88 2022
9.88 2022
9.88 2023
9.88 2023
9.88 2023
9.88 2023
9.88 2023
9.88 2024
9.88 2024
9.88 2024
9.88 2024
9.89 1996
9.89 1997
9.89 1998
9.89 2002
9.89 2004
9.89 2004
9.89 2005
9.89 2006
9.89 2008
9.89 2008
9.89 2008
9.89 2008
9.89 2008
9.89 2009
9.89 2009
9.89 2010
9.89 2011
9.89 2011
9.89 2011
9.89 2012
9.89 2013
9.89 2016
9.89 2016
9.89 2018
9.89 2018
9.89 2019
9.89 2021
9.89 2021
9.89 2021
9.89 2021
9.89 2022
9.89 2023
9.89 2023
9.89 2024
9.90 1991
9.90 1996
9.90 1997
9.90 1997
9.90 1997
9.90 1997
9.90 1997
9.90 1997
9.90 1998
9.90 2001
9.90 2001
9.90 2007
9.90 2008
9.90 2009
9.90 2009
9.90 2011
9.90 2011
9.90 2011
9.90 2011
9.90 2012
9.90 2012
9.90 2012
9.90 2012
9.90 2013
9.90 2013
9.90 2013
9.90 2014
9.90 2015
9.90 2015
9.90 2015
9.90 2017
9.90 2018
9.90 2018
9.90 2018
9.90 2019
9.90 2020
9.90 2021
9.90 2021
9.90 2022
9.90 2022
9.90 2022
9.90 2022
9.90 2023
9.90 2023
9.90 2023
9.90 2024
9.90 2024
9.91 1994
9.91 1995
9.91 1996
9.91 1997
9.91 1997
9.91 1997
9.91 1999
9.91 2000
9.91 2001
9.91 2004
9.91 2004
9.91 2004
9.91 2006
9.91 2006
9.91 2007
9.91 2008
9.91 2008
9.91 2009
9.91 2009
9.91 2009
9.91 2010
9.91 2010
9.91 2011
9.91 2011
9.91 2011
9.91 2012
9.91 2012
9.91 2013
9.91 2013
9.91 2014
9.91 2014
9.91 2015
9.91 2015
9.91 2015
9.91 2016
9.91 2016
9.91 2017
9.91 2018
9.91 2018
9.91 2018
9.91 2018
9.91 2019
9.91A 2020
9.91 2021
9.91 2021
9.91 2021
9.91 2021
9.91 2021
9.91A 2022
9.91 2023
9.91 2023
9.91 2023
9.91 2023
9.91 2023
9.91 2024
9.91 2024
9.91 2024
9.91 2024
9.92 1988
9.92 1991
9.92 1993
9.92 1996
9.92 1996
9.92 1997
9.92 1997
9.92 1997
9.92 1998
9.92 1998
9.92A 1998
9.92 1999
9.92 1999
9.92 2004
9.92 2006
9.92 2008
9.92 2008
9.92 2008
9.92 2010
9.92 2011
9.92 2011
9.92 2011
9.92 2012
9.92 2013
9.92 2014
9.92 2014
9.92 2015
9.92 2015
9.92 2015
9.92 2015
9.92 2015
9.92 2015
9.92 2015
9.92 2015
9.92 2015
9.92A 2016
9.92 2016
9.92 2016
9.92A 2017
9.92 2017
9.92 2018
9.92 2018
9.92 2018
9.92 2018
9.92 2018
9.92 2019
9.92 2019
9.92 2021
9.92 2021
9.92A 2022
9.92 2022
9.92 2022
9.92 2022
9.92 2022
9.92 2022
9.92A 2023
9.92 2023
9.92 2023
9.92 2023
9.92 2024
9.92 2024
9.92 2024
9.92 2024
9.92 2024
9.93A 1983
9.93 1987
9.93 1988
9.93 1991
9.93 1991
9.93 1992
9.93 1996
9.93 1996
9.93 1996
9.93 1996
9.93 1997
9.93 1998
9.93 1998
9.93 1999
9.93 2000
9.93 2003
9.93 2004
9.93 2004
9.93 2004
9.93 2004
9.93 2004
9.93 2004
9.93 2006
9.93 2007
9.93 2008
9.93 2008
9.93 2008
9.93 2009
9.93 2009
9.93 2009
9.93 2009
9.93 2011
9.93 2011
9.93 2011
9.93 2012
9.93 2012
9.93 2012
9.93 2012
9.93 2012
9.93 2013
9.93 2013
9.93 2014
9.93 2014
9.93 2014
9.93 2014
9.93 2015
9.93 2015
9.93 2015
9.93 2015
9.93 2016
9.93 2016
9.93 2016
9.93A 2017
9.93 2017
9.93 2017
9.93 2017
9.93 2017
9.93 2018
9.93 2018
9.93 2018
9.93 2018
9.93 2018
9.93 2018
9.93 2018
9.93 2019
9.93 2019
9.93 2019
9.93 2019
9.93 2021
9.93 2021
9.93 2022
9.93 2022
9.93 2022
9.93 2022
9.93 2022
9.93 2022
9.93 2022
9.93 2023
9.93 2023
9.93 2023
9.93 2023
9.93 2023
9.93 2023
9.93 2023
9.93 2023
9.93 2024
9.93 2024
9.93 2024
9.93 2024
9.93 2024
9.93 2024
9.94 1989
9.94 1991
9.94 1993
9.94 1994
9.94 1994
9.94 1994
9.94 1996
9.94 1996
9.94 1997
9.94 1997
9.94 1997
9.94 1998
9.94 1998
9.94 1998
9.94 1999
9.94 2000
9.94 2001
9.94A 2002
9.94 2002
9.94 2003
9.94 2004
9.94 2004
9.94 2005
9.94 2007
9.94 2008
9.94 2008
9.94 2008
9.94 2009
9.94 2009
9.94 2009
9.94 2010
9.94 2011
9.94 2011
9.94 2011
9.94 2012
9.94 2012
9.94 2012
9.94 2012
9.94 2013
9.94 2013
9.94 2013
9.94 2013
9.94 2013
9.94 2013
9.94 2013
9.94 2015
9.94 2015
9.94 2015
9.94 2016
9.94 2016
9.94 2016
9.94 2016
9.94 2016
9.94 2016
9.94 2016
9.94 2016
9.94 2016
9.94 2016
9.94 2016
9.94A 2017
9.94 2017
9.94 2017
9.94 2018
9.94 2018
9.94 2018
9.94 2018
9.94 2018
9.94 2018
9.94 2018
9.94 2018
9.94 2019
9.94 2021
9.94 2021
9.94A 2021
9.94 2021
9.94 2021
9.94 2021
9.94 2021
9.94 2022
9.94 2022
9.94 2022
9.94 2022
9.94 2023
9.94 2023
9.94 2023
9.94 2023
9.94 2023
9.94 2024
9.94 2024
9.94 2024
9.94 2024
9.94 2024
9.94 2024
9.95A 1968
9.95 1991
9.95A 1994
9.95 1996
9.95 1996
9.95 1996
9.95 1996
9.95 1997
9.95 1997
9.95 1997
9.95 1998
9.95 1998
9.95 1999
9.95 2000
9.95 2002
9.95 2003
9.95 2004
9.95 2004
9.95 2006
9.95 2007
9.95 2008
9.95 2008
9.95 2008
9.95 2009
9.95 2009
9.95 2009
9.95 2010
9.95 2010
9.95 2010
9.95 2010
9.95 2010
9.95 2011
9.95 2011
9.95 2011
9.95 2011
9.95 2011
9.95 2011
9.95 2011
9.95 2011
9.95 2011
9.95 2011
9.95 2012
9.95 2012
9.95 2012
9.95 2012
9.95 2013
9.95 2013
9.95 2013
9.95 2013
9.95 2014
9.95 2014
9.95 2014
9.95 2015
9.95 2015
9.95 2015
9.95 2016
9.95 2016
9.95 2016
9.95 2016
9.95 2016
9.95A 2017
9.95A 2017
9.95 2017
9.95 2017
9.95 2017
9.95 2018
9.95 2018
9.95 2019
9.95 2019
9.95 2021
9.95 2021
9.95 2021
9.95 2021
9.95 2021
9.95 2021
9.95 2021
9.95 2022
9.95 2022
9.95 2022
9.95 2022
9.95 2022
9.95 2023
9.95 2023
9.95 2023
9.95 2023
9.95 2023
9.95 2023
9.95 2023
9.95 2024
9.95 2024
9.95 2024
9.95 2024
9.95 2024
9.95 2024
9.95 2024
9.95 2024
9.95 2024
9.96 1984
9.96 1988
9.96 1988
9.96 1990
9.96A 1990
9.96 1991
9.96 1991
9.96 1992
9.96 1992
9.96 1993
9.96 1997
9.96 1997
9.96 1997
9.96A 1998
9.96 1998
9.96 1998
9.96 1998
9.96 1998
9.96 1998
9.96 1998
9.96 1998
9.96 1998
9.96 1999
9.96 1999
9.96 1999
9.96 2000
9.96 2001
9.96 2001
9.96 2001
9.96 2004
9.96 2004
9.96 2005
9.96 2005
9.96 2006
9.96 2006
9.96 2007
9.96 2007
9.96 2008
9.96 2008
9.96 2008
9.96 2009
9.96 2009
9.96 2009
9.96 2010
9.96 2010
9.96 2010
9.96 2010
9.96 2011
9.96 2011
9.96 2011
9.96 2012
9.96 2012
9.96 2012
9.96 2012
9.96 2012
9.96 2012
9.96 2013
9.96 2013
9.96 2013
9.96 2013
9.96 2013
9.96 2014
9.96 2014
9.96 2014
9.96 2014
9.96 2014
9.96 2015
9.96 2015
9.96 2015
9.96 2015
9.96 2015
9.96 2015
9.96 2015
9.96 2015
9.96 2015
9.96A 2016
9.96 2016
9.96 2016
9.96 2016
9.96 2016
9.96 2016
9.96 2016
9.96 2016
9.96 2016
9.96 2017
9.96 2017
9.96 2018
9.96 2018
9.96 2018
9.96 2018
9.96 2019
9.96 2019
9.96 2019
9.96 2019
9.96 2019
9.96 2020
9.96 2021
9.96 2021
9.96 2021
9.96 2021
9.96 2021
9.96 2021
9.96A 2022
9.96 2022
9.96 2022
9.96 2022
9.96 2022
9.96 2023
9.96 2023
9.96A 2023
9.96 2023
9.96 2023
9.96 2023
9.96 2023
9.96 2023
9.96 2023
9.96 2023
9.96 2024
9.96 2024
9.96 2024
9.96 2024
9.97 1983
9.97 1983
9.97 1988
9.97 1988
9.97 1988
9.97 1989
9.97 1992
9.97 1992
9.97 1992
9.97 1993
9.97 1994
9.97 1994
9.97 1995
9.97 1995
9.97A 1995
9.97 1997
9.97 1997
9.97 1997
9.97 1997
9.97 1998
9.97 1998
9.97 1998
9.97 1999
9.97 1999
9.97 1999
9.97 1999
9.97 1999
9.97 2000
9.97 2000
9.97 2000
9.97 2001
9.97 2002
9.97 2002
9.97 2002
9.97 2003
9.97 2003
9.97 2003
9.97 2004
9.97 2004
9.97 2004
9.97 2004
9.97 2006
9.97 2006
9.97 2007
9.97 2007
9.97 2008
9.97 2008
9.97 2008
9.97 2008
9.97 2008
9.97 2009
9.97 2009
9.97 2009
9.97 2009
9.97 2010
9.97 2010
9.97 2011
9.97 2011
9.97 2011
9.97 2011
9.97 2011
9.97 2011
9.97 2012
9.97 2012
9.97 2012
9.97 2012
9.97 2013
9.97 2013
9.97 2013
9.97 2013
9.97 2013
9.97 2013
9.97 2013
9.97 2014
9.97 2014
9.97 2014
9.97 2015
9.97 2015
9.97 2015
9.97 2015
9.97 2015
9.97 2015
9.97 2015
9.97 2015
9.97 2015
9.97 2015
9.97 2015
9.97 2015
9.97 2015
9.97 2016
9.97 2016
9.97 2016
9.97 2016
9.97 2017
9.97 2017
9.97 2017
9.97 2017
9.97 2017
9.97 2017
9.97 2017
9.97 2017
9.97 2018
9.97 2018
9.97 2018
9.97 2018
9.97 2018
9.97 2018
9.97 2019
9.97 2019
9.97 2019
9.97 2019
9.97 2019
9.97 2019
9.97 2019
9.97 2019
9.97 2019
9.97 2019
9.97 2019
9.97 2020
9.97 2021
9.97 2021
9.97 2021
9.97 2021
9.97 2021
9.97 2021
9.97 2021
9.97 2022
9.97 2022
9.97 2022
9.97 2022
9.97 2022
9.97 2022
9.97 2023
9.97 2023
9.97 2023
9.97 2023
9.97 2023
9.97 2023
9.97 2023
9.97 2023
9.97 2023
9.97 2023
9.97 2023
9.97 2024
9.97 2024
9.97 2024
9.97 2024
9.97 2024
9.97 2024
9.97 2024
9.97 2024
9.97 2024
9.98A 1977
9.98 1985
9.98 1993
9.98 1994
9.98 1994
9.98 1994
9.98 1996
9.98 1996
9.98 1996
9.98 1997
9.98 1997
9.98 1998
9.98 1998
9.98 1999
9.98 1999
9.98 2000
9.98 2000
9.98 2001
9.98 2001
9.98 2001
9.98 2002
9.98 2002
9.98 2002
9.98 2002
9.98 2003
9.98 2004
9.98 2004
9.98 2005
9.98 2006
9.98 2007
9.98 2007
9.98 2008
9.98 2008
9.98 2008
9.98 2008
9.98 2009
9.98 2009
9.98 2009
9.98 2009
9.98 2009
9.98 2010
9.98 2010
9.98 2010
9.98 2010
9.98 2011
9.98 2011
9.98 2011
9.98 2012
9.98 2012
9.98 2013
9.98 2013
9.98 2013
9.98 2013
9.98 2013
9.98 2013
9.98 2013
9.98 2013
9.98 2013
9.98 2013
9.98A 2014
9.98 2014
9.98 2014
9.98 2014
9.98 2015
9.98 2015
9.98 2015
9.98 2015
9.98 2015
9.98 2015
9.98 2015
9.98 2015
9.98 2015
9.98 2015
9.98A 2016
9.98 2016
9.98 2016
9.98 2016
9.98 2016
9.98A 2017
9.98 2017
9.98 2017
9.98 2017
9.98 2017
9.98 2017
9.98 2017
9.98 2017
9.98 2017
9.98 2017
9.98 2017
9.98 2018
9.98 2018
9.98 2018
9.98 2018
9.98 2018
9.98 2018
9.98 2018
9.98 2018
9.98 2019
9.98 2019
9.98 2019
9.98 2019
9.98 2019
9.98 2019
9.98 2019
9.98 2021
9.98 2021
9.98 2021
9.98 2021
9.98 2021
9.98 2021
9.98 2021
9.98 2021
9.98 2021
9.98 2021
9.98 2021
9.98 2021
9.98 2021
9.98 2021
9.98 2021
9.98 2022
9.98 2022
9.98 2022
9.98 2022
9.98 2022
9.98 2022
9.98 2022
9.98 2022
9.98 2022
9.98 2022
9.98 2022
9.98 2022
9.98 2022
9.98A 2023
9.98 2023
9.98A 2023
9.98 2023
9.98 2023
9.98 2023
9.98 2023
9.98 2023
9.98 2023
9.98 2023
9.98 2023
9.98 2023
9.98 2023
9.98 2024
9.98 2024
9.98 2024
9.98 2024
9.98 2024
9.98 2024
9.98 2024
9.98 2024
9.98 2024
9.98 2024
9.98 2024
9.99 1984
9.99 1984
9.99 1984
9.99 1988
9.99 1988
9.99 1991
9.99 1991
9.99 1991
9.99 1993
9.99 1993
9.99 1994
9.99 1994
9.99 1994
9.99 1994
9.99 1994
9.99 1995
9.99 1996
9.99 1996
9.99 1996
9.99 1997
9.99 1997
9.99 1997
9.99 1997
9.99 1997
9.99 1997
9.99 1997
9.99 1998
9.99 1998
9.99 1998
9.99 1999
9.99 1999
9.99A 1999
9.99 2000
9.99 2000
9.99 2001
9.99 2001
9.99 2001
9.99A 2002
9.99 2002
9.99 2002
9.99 2002
9.99 2002
9.99 2003
9.99 2003
9.99 2004
9.99 2004
9.99 2004
9.99 2004
9.99 2005
9.99 2005
9.99 2005
9.99 2005
9.99 2005
9.99 2005
9.99 2005
9.99 2006
9.99 2006
9.99 2006
9.99 2007
9.99 2008
9.99 2008
9.99 2008
9.99 2008
9.99 2009
9.99 2009
9.99 2009
9.99 2010
9.99 2010
9.99 2011
9.99 2011
9.99 2011
9.99 2011
9.99 2012
9.99 2012
9.99 2012
9.99 2013
9.99 2013
9.99 2013
9.99 2013
9.99 2013
9.99 2013
9.99 2013
9.99 2013
9.99 2013
9.99 2013
9.99 2013
9.99 2015
9.99 2015
9.99 2015
9.99 2015
9.99 2015
9.99 2015
9.99 2015
9.99 2015
9.99 2015
9.99 2015
9.99 2015
9.99 2015
9.99 2015
9.99 2016
9.99 2016
9.99 2016
9.99 2016
9.99 2016
9.99 2016
9.99 2016
9.99 2017
9.99 2017
9.99 2017
9.99 2017
9.99 2017
9.99 2017
9.99 2017
9.99 2017
9.99 2017
9.99 2018
9.99 2018
9.99 2018
9.99 2018
9.99 2018
9.99 2018
9.99 2018
9.99 2019
9.99 2019
9.99 2019
9.99 2019
9.99 2019
9.99 2019
9.99 2020
9.99A 2021
9.99A 2021
9.99 2021
9.99 2021
9.99 2021
9.99 2021
9.99 2022
9.99 2022
9.99 2022
9.99 2022
9.99 2022
9.99 2022
9.99 2022
9.99 2022
9.99 2022
9.99 2022
9.99 2023
9.99 2023
9.99 2023
9.99 2023
9.99 2023
9.99 2023
9.99 2023
9.99 2023
9.99 2023
9.99 2023
9.99 2023
9.99 2023
9.99 2023
9.99 2024
9.99 2024
9.99 2024
9.99 2024
9.99 2024
9.99 2024
9.99 2024
9.99 2024
9.99 2024
