9.58
9.63
9.69
9.69
9.69
9.71
9.72
9.72
9.74
9.74
9.75
9.75
9.75
9.75
9.76
9.76
9.76
9.76
9.76
9.76A
9.76
9.77
9.77
9.77
9.77
9.77
9.77
9.77
9.77
9.77
9.77
9.77
9.77A
9.77
9.77
9.78
9.78
9.78
9.78
9.78
9.79
9.79
9.79
9.79
9.79
9.79
9.79
9.79
9.79
9.79A
9.79
9.79
9.80
9.80
9.80
9.80
9.80
9.80
9.80
9.80
9.80
9.80
9.81
9.81
9.81
9.81
9.81
9.81
9.81
9.81
9.82
9.82
9.82
9.82
9.82
9.82
9.82
9.82
9.82
9.82
9.82
9.82
9.82
9.82
9.82
9.82
9.82
9.83
9.83
9.83
9.83
9.83
9.83
9.83
9.83
9.83
9.83
9.83
9.83
9.83
9.83
9.83
9.83
9.84
9.84
9.84
9.84
9.84
9.84
9.84
9.84
9.84
9.84
9.84
9.84
9.84
9.84
9.84
9.84
9.84
9.84A
9.84
9.84
9.85
9.85
9.85
9.85
9.85
9.85
9.85
9.85
9.85
9.85
9.85
9.85
9.85
9.85
9.85
9.85
9.85
9.85
9.85
9.85
9.85
9.85
9.85
9.85
9.85
9.85A
9.85
9.85
9.85A
9.85
9.85
9.85
9.85
9.85
9.86
9.86
9.86
9.86
9.86
9.86
9.86
9.86
9.86
9.86
9.86
9.86
9.86
9.86
9.86
9.86
9.86
9.86
9.86
9.86
9.86
9.86
9.86
9.86
9.86
9.86
9.86
9.86
9.86
9.86
9.86
9.86
9.86
9.86
9.86
9.86
9.86
9.86
9.86
9.86
9.86
9.86
9.87
9.87
9.87
9.87A
9.87
9.87
9.87
9.87
9.87
9.87
9.87
9.87
9.87
9.87
9.87
9.87
9.87
9.87
9.87
9.87
9.87
9.87
9.87
9.87
9.87
9.87
9.87
9.87
9.87
9.87
9.88
9.88
9.88
9.88
9.88
9.88
9.88
9.88
9.88
9.88
9.88
9.88
9.88
9.88
9.88
9.88
9.88
9.88
9.88
9.88
9.88
9.88
9.88
9.88
9.88
9.88
9.88
9.88
9.88
9.88
9.88
9.88
9.88
9.88
9.88
9.88
9.88
9.88
9.88
9.88
9.88
9.88
9.89
9.89
9.89
9.89
9.89
9.89
9.89
9.89
9.89
9.89
9.89
9.89
9.89
9.89
9.89
9.89
9.89
9.89
9.89
9.89
9.89
9.89
9.89
9.89
9.89
9.89
9.89
9.89
9.89
9.89
9.89
9.89
9.89
9.89
9.90
9.90
9.90
9.90
9.90
9.90
9.90
9.90
9.90
9.90
9.90
9.90
9.90
9.90
9.90
9.90
9.90
9.90
9.90
9.90
9.90
9.90
9.90
9.90
9.90
9.90
9.90
9.90
9.90
9.90
9.90
9.90
9.90
9.90
9.90
9.90
9.90
9.90
9.90
9.90
9.90
9.90
9.90
9.90
9.90
9.90
9.90
9.91
9.91
9.91
9.91
9.91
9.91
9.91
9.91
9.91
9.91
9.91
9.91
9.91
9.91
9.91
9.91
9.91
9.91
9.91
9.91
9.91
9.91
9.91
9.91
9.91
9.91
9.91
9.91
9.91
9.91
9.91
9.91
9.91
9.91
9.91
9.91
9.91
9.91
9.91
9.91
9.91
9.91
9.91A
9.91
9.91
9.91
9.91
9.91
9.91A
9.91
9.91
9.91
9.91
9.91
9.91
9.91
9.91
9.91
9.92
9.92
9.92
9.92
9.92
9.92
9.92
9.92
9.92
9.92
9.92A
9.92
9.92
9.92
9.92
9.92
9.92
9.92
9.92
9.92
9.92
9.92
9.92
9.92
9.92
9.92
9.92
9.92
9.92
9.92
9.92
9.92
9.92
9.92
9.92
9.92A
9.92
9.92
9.92A
9.92
9.92
9.92
9.92
9.92
9.92
9.92
9.92
9.92
9.92
9.92A
9.92
9.92
9.92
9.92
9.92
9.92A
9.92
9.92
9.92
9.92
9.92
9.92
9.92
9.92
9.93A
9.93
9.93
9.93
9.93
9.93
9.93
9.93
9.93
9.93
9.93
9.93
9.93
9.93
9.93
9.93
9.93
9.93
9.93
9.93
9.93
9.93
9.93
9.93
9.93
9.93
9.93
9.93
9.93
9.93
9.93
9.93
9.93
9.93
9.93
9.93
9.93
9.93
9.93
9.93
9.93
9.93
9.93
9.93
9.93
9.93
9.93
9.93
9.93
9.93
9.93
9.93
9.93A
9.93
9.93
9.93
9.93
9.93
9.93
9.93
9.93
9.93
9.93
9.93
9.93
9.93
9.93
9.93
9.93
9.93
9.93
9.93
9.93
9.93
9.93
9.93
9.93
9.93
9.93
9.93
9.93
9.93
9.93
9.93
9.93
9.93
9.93
9.93
9.93
9.93
9.93
9.94
9.94
9.94
9.94
9.94
9.94
9.94
9.94
9.94
9.94
9.94
9.94
9.94
9.94
9.94
9.94
9.94
9.94A
9.94
9.94
9.94
9.94
9.94
9.94
9.94
9.94
9.94
9.94
9.94
9.94
9.94
9.94
9.94
9.94
9.94
9.94
9.94
9.94
9.94
9.94
9.94
9.94
9.94
9.94
9.94
9.94
9.94
9.94
9.94
9.94
9.94
9.94
9.94
9.94
9.94
9.94
9.94
9.94
9.94
9.94A
9.94
9.94
9.94
9.94
9.94
9.94
9.94
9.94
9.94
9.94
9.94
9.94
9.94
9.94A
9.94
9.94
9.94
9.94
9.94
9.94
9.94
9.94
9.94
9.94
9.94
9.94
9.94
9.94
9.94
9.94
9.94
9.94
9.94
9.95A
9.95
9.95A
9.95
9.95
9.95
9.95
9.95
9.95
9.95
9.95
9.95
9.95
9.95
9.95
9.95
9.95
9.95
9.95
9.95
9.95
9.95
9.95
9.95
9.95
9.95
9.95
9.95
9.95
9.95
9.95
9.95
9.95
9.95
9.95
9.95
9.95
9.95
9.95
9.95
9.95
9.95
9.95
9.95
9.95
9.95
9.95
9.95
9.95
9.95
9.95
9.95
9.95
9.95
9.95
9.95
9.95
9.95
9.95
9.95
9.95A
9.95A
9.95
9.95
9.95
9.95
9.95
9.95
9.95
9.95
9.95
9.95
9.95
9.95
9.95
9.95
9.95
9.95
9.95
9.95
9.95
9.95
9.95
9.95
9.95
9.95
9.95
9.95
9.95
9.95
9.95
9.95
9.95
9.95
9.95
9.95
9.95
9.96
9.96
9.96
9.96
9.96A
9.96
9.96
9.96
9.96
9.96
9.96
9.96
9.96
9.96A
9.96
9.96
9.96
9.96
9.96
9.96
9.96
9.96
9.96
9.96
9.96
9.96
9.96
9.96
9.96
9.96
9.96
9.96
9.96
9.96
9.96
9.96
9.96
9.96
9.96
9.96
9.96
9.96
9.96
9.96
9.96
9.96
9.96
9.96
9.96
9.96
9.96
9.96
9.96
9.96
9.96
9.96
9.96
9.96
9.96
9.96
9.96
9.96
9.96
9.96
9.96
9.96
9.96
9.96
9.96
9.96
9.96
9.96
9.96
9.96
9.96
9.96A
9.96
9.96
9.96
9.96
9.96
9.96
9.96
9.96
9.96
9.96
9.96
9.96
9.96
9.96
9.96
9.96
9.96
9.96
9.96
9.96
9.96
9.96
9.96
9.96
9.96
9.96
9.96A
9.96
9.96
9.96
9.96
9.96
9.96
9.96A
9.96
9.96
9.96
9.96
9.96
9.96
9.96
9.96
9.96
9.96
9.96
9.97
9.97
9.97
9.97
9.97
9.97
9.97
9.97
9.97
9.97
9.97
9.97
9.97
9.97
9.97A
9.97
9.97
9.97
9.97
9.97
9.97
9.97
9.97
9.97
9.97
9.97
9.97
9.97
9.97
9.97
9.97
9.97
9.97
9.97
9.97
9.97
9.97
9.97
9.97
9.97
9.97
9.97
9.97
9.97
9.97
9.97
9.97
9.97
9.97
9.97
9.97
9.97
9.97
9.97
9.97
9.97
9.97
9.97
9.97
9.97
9.97
9.97
9.97
9.97
9.97
9.97
9.97
9.97
9.97
9.97
9.97
9.97
9.97
9.97
9.97
9.97
9.97
9.97
9.97
9.97
9.97
9.97
9.97
9.97
9.97
9.97
9.97
9.97
9.97
9.97
9.97
9.97
9.97
9.97
9.97
9.97
9.97
9.97
9.97
9.97
9.97
9.97
9.97
9.97
9.97
9.97
9.97
9.97
9.97
9.97
9.97
9.97
9.97
9.97
9.97
9.97
9.97
9.97
9.97
9.97
9.97
9.97
9.97
9.97
9.97
9.97
9.97
9.97
9.97
9.97
9.97
9.97
9.97
9.97
9.97
9.97
9.97
9.97
9.97
9.97
9.97
9.97
9.97
9.97
9.97
9.97
9.97
9.97
9.97
9.97
9.97
9.97
9.98A
9.98
9.98
9.98
9.98
9.98
9.98
9.98
9.98
9.98
9.98
9.98
9.98
9.98
9.98
9.98
9.98
9.98
9.98
9.98
9.98
9.98
9.98
9.98
9.98
9.98
9.98
9.98
9.98
9.98
9.98
9.98
9.98
9.98
9.98
9.98
9.98
9.98
9.98
9.98
9.98
9.98
9.98
9.98
9.98
9.98
9.98
9.98
9.98
9.98
9.98
9.98
9.98
9.98
9.98
9.98
9.98
9.98
9.98
9.98A
9.98
9.98
9.98
9.98
9.98
9.98
9.98
9.98
9.98
9.98
9.98
9.98
9.98
9.98A
9.98
9.98
9.98
9.98
9.98A
9.98
9.98
9.98
9.98
9.98
9.98
9.98
9.98
9.98
9.98
9.98
9.98
9.98
9.98
9.98
9.98
9.98
9.98
9.98
9.98
9.98
9.98
9.98
9.98
9.98
9.98
9.98
9.98
9.98
9.98
9.98
9.98
9.98
9.98
9.98
9.98
9.98
9.98
9.98
9.98
9.98
9.98
9.98
9.98
9.98
9.98
9.98
9.98
9.98
9.98
9.98
9.98
9.98
9.98A
9.98
9.98A
9.98
9.98
9.98
9.98
9.98
9.98
9.98
9.98
9.98
9.98
9.98
9.98
9.98
9.98
9.98
9.98
9.98
9.98
9.98
9.98
9.98
9.99
9.99
9.99
9.99
9.99
9.99
9.99
9.99
9.99
9.99
9.99
9.99
9.99
9.99
9.99
9.99
9.99
9.99
9.99
9.99
9.99
9.99
9.99
9.99
9.99
9.99
9.99
9.99
9.99
9.99
9.99
9.99A
9.99
9.99
9.99
9.99
9.99
9.99A
9.99
9.99
9.99
9.99
9.99
9.99
9.99
9.99
9.99
9.99
9.99
9.99
9.99
9.99
9.99
9.99
9.99
9.99
9.99
9.99
9.99
9.99
9.99
9.99
9.99
9.99
9.99
9.99
9.99
9.99
9.99
9.99
9.99
9.99
9.99
9.99
9.99
9.99
9.99
9.99
9.99
9.99
9.99
9.99
9.99
9.99
9.99
9.99
9.99
9.99
9.99
9.99
9.99
9.99
9.99
9.99
9.99
9.99
9.99
9.99
9.99
9.99
9.99
9.99
9.99
9.99
9.99
9.99
9.99
9.99
9.99
9.99
9.99
9.99
9.99
9.99
9.99
9.99
9.99
9.99
9.99
9.99
9.99
9.99
9.99
9.99
9.99
9.99
9.99
9.99
9.99
9.99A
9.99A
9.99
9.99
9.99
9.99
9.99
9.99
9.99
9.99
9.99
9.99
9.99
9.99
9.99
9.99
9.99
9.99
9.99
9.99
9.99
9.99
9.99
9.99
9.99
9.99
9.99
9.99
9.99
9.99
9.99
9.99
9.99
9.99
9.99
9.99
9.99
9.99
