2009
2012
2008
2009
2012
2009
2008
2008
2007
2015
2012
2012
2015
2015
2008
2011
2012
2012
2019
2021
2022
2005
2006
2006
2008
2008
2008
2009
2013
2014
2015
2021
2021
2022
2024
2007
2010
2010
2011
2015
1999
2009
2010
2011
2012
2012
2015
2018
2022
2024
2024
2024
1999
2011
2012
2013
2014
2015
2016
2021
2021
2024
2009
2015
2016
2019
2022
2024
2024
2024
2001
2008
2008
2009
2010
2010
2011
2011
2012
2012
2014
2014
2017
2024
2024
2024
2024
2007
2008
2008
2010
2014
2016
2021
2021
2022
2023
2023
2023
2023
2024
2024
2024
1996
1999
2005
2006
2007
2007
2009
2010
2010
2012
2015
2015
2015
2016
2021
2021
2021
2023
2024
2024
1994
1999
2004
2005
2006
2006
2006
2007
2008
2008
2008
2009
2010
2011
2011
2011
2012
2012
2012
2013
2013
2019
2021
2021
2021
2022
2022
2022
2023
2023
2023
2023
2024
2024
1991
1996
1997
1998
1998
1999
1999
2000
2004
2006
2006
2009
2010
2010
2011
2012
2012
2012
2012
2014
2015
2015
2015
2016
2016
2016
2019
2019
2019
2020
2021
2021
2021
2022
2022
2022
2022
2023
2024
2024
2024
2024
1993
1996
1997
1998
1999
2000
2004
2004
2008
2008
2012
2012
2013
2014
2014
2015
2015
2015
2015
2015
2018
2019
2021
2022
2023
2023
2024
2024
2024
2024
1991
1998
2001
2004
2005
2006
2006
2008
2009
2009
2009
2010
2010
2010
2011
2011
2012
2012
2012
2012
2015
2015
2016
2016
2018
2018
2019
2021
2021
2022
2022
2022
2022
2023
2023
2023
2023
2023
2024
2024
2024
2024
1996
1997
1998
2002
2004
2004
2005
2006
2008
2008
2008
2008
2008
2009
2009
2010
2011
2011
2011
2012
2013
2016
2016
2018
2018
2019
2021
2021
2021
2021
2022
2023
2023
2024
1991
1996
1997
1997
1997
1997
1997
1997
1998
2001
2001
2007
2008
2009
2009
2011
2011
2011
2011
2012
2012
2012
2012
2013
2013
2013
2014
2015
2015
2015
2017
2018
2018
2018
2019
2020
2021
2021
2022
2022
2022
2022
2023
2023
2023
2024
2024
1994
1995
1996
1997
1997
1997
1999
2000
2001
2004
2004
2004
2006
2006
2007
2008
2008
2009
2009
2009
2010
2010
2011
2011
2011
2012
2012
2013
2013
2014
2014
2015
2015
2015
2016
2016
2017
2018
2018
2018
2018
2019
2020
2021
2021
2021
2021
2021
2022
2023
2023
2023
2023
2023
2024
2024
2024
2024
1988
1991
1993
1996
1996
1997
1997
1997
1998
1998
1998
1999
1999
2004
2006
2008
2008
2008
2010
2011
2011
2011
2012
2013
2014
2014
2015
2015
2015
2015
2015
2015
2015
2015
2015
2016
2016
2016
2017
2017
2018
2018
2018
2018
2018
2019
2019
2021
2021
2022
2022
2022
2022
2022
2022
2023
2023
2023
2023
2024
2024
2024
2024
2024
1983
1987
1988
1991
1991
1992
1996
1996
1996
1996
1997
1998
1998
1999
2000
2003
2004
2004
2004
2004
2004
2004
2006
2007
2008
2008
2008
2009
2009
2009
2009
2011
2011
2011
2012
2012
2012
2012
2012
2013
2013
2014
2014
2014
2014
2015
2015
2015
2015
2016
2016
2016
2017
2017
2017
2017
2017
2018
2018
2018
2018
2018
2018
2018
2019
2019
2019
2019
2021
2021
2022
2022
2022
2022
2022
2022
2022
2023
2023
2023
2023
2023
2023
2023
2023
2024
2024
2024
2024
2024
2024
1989
1991
1993
1994
1994
1994
1996
1996
1997
1997
1997
1998
1998
1998
1999
2000
2001
2002
2002
2003
2004
2004
2005
2007
2008
2008
2008
2009
2009
2009
2010
2011
2011
2011
2012
2012
2012
2012
2013
2013
2013
2013
2013
2013
2013
2015
2015
2015
2016
2016
2016
2016
2016
2016
2016
2016
2016
2016
2016
2017
2017
2017
2018
2018
2018
2018
2018
2018
2018
2018
2019
2021
2021
2021
2021
2021
2021
2021
2022
2022
2022
2022
2023
2023
2023
2023
2023
2024
2024
2024
2024
2024
2024
1968
1991
1994
1996
1996
1996
1996
1997
1997
1997
1998
1998
1999
2000
2002
2003
2004
2004
2006
2007
2008
2008
2008
2009
2009
2009
2010
2010
2010
2010
2010
2011
2011
2011
2011
2011
2011
2011
2011
2011
2011
2012
2012
2012
2012
2013
2013
2013
2013
2014
2014
2014
2015
2015
2015
2016
2016
2016
2016
2016
2017
2017
2017
2017
2017
2018
2018
2019
2019
2021
2021
2021
2021
2021
2021
2021
2022
2022
2022
2022
2022
2023
2023
2023
2023
2023
2023
2023
2024
2024
2024
2024
2024
2024
2024
2024
2024
1984
1988
1988
1990
1990
1991
1991
1992
1992
1993
1997
1997
1997
1998
1998
1998
1998
1998
1998
1998
1998
1998
1999
1999
1999
2000
2001
2001
2001
2004
2004
2005
2005
2006
2006
2007
2007
2008
2008
2008
2009
2009
2009
2010
2010
2010
2010
2011
2011
2011
2012
2012
2012
2012
2012
2012
2013
2013
2013
2013
2013
2014
2014
2014
2014
2014
2015
2015
2015
2015
2015
2015
2015
2015
2015
2016
2016
2016
2016
2016
2016
2016
2016
2016
2017
2017
2018
2018
2018
2018
2019
2019
2019
2019
2019
2020
2021
2021
2021
2021
2021
2021
2022
2022
2022
2022
2022
2023
2023
2023
2023
2023
2023
2023
2023
2023
2023
2024
2024
2024
2024
1983
1983
1988
1988
1988
1989
1992
1992
1992
1993
1994
1994
1995
1995
1995
1997
1997
1997
1997
1998
1998
1998
1999
1999
1999
1999
1999
2000
2000
2000
2001
2002
2002
2002
2003
2003
2003
2004
2004
2004
2004
2006
2006
2007
2007
2008
2008
2008
2008
2008
2009
2009
2009
2009
2010
2010
2011
2011
2011
2011
2011
2011
2012
2012
2012
2012
2013
2013
2013
2013
2013
2013
2013
2014
2014
2014
2015
2015
2015
2015
2015
2015
2015
2015
2015
2015
2015
2015
2015
2016
2016
2016
2016
2017
2017
2017
2017
2017
2017
2017
2017
2018
2018
2018
2018
2018
2018
2019
2019
2019
2019
2019
2019
2019
2019
2019
2019
2019
2020
2021
2021
2021
2021
2021
2021
2021
2022
2022
2022
2022
2022
2022
2023
2023
2023
2023
2023
2023
2023
2023
2023
2023
2023
2024
2024
2024
2024
2024
2024
2024
2024
2024
1977
1985
1993
1994
1994
1994
1996
1996
1996
1997
1997
1998
1998
1999
1999
2000
2000
2001
2001
2001
2002
2002
2002
2002
2003
2004
2004
2005
2006
2007
2007
2008
2008
2008
2008
2009
2009
2009
2009
2009
2010
2010
2010
2010
2011
2011
2011
2012
2012
2013
2013
2013
2013
2013
2013
2013
2013
2013
2013
2014
2014
2014
2014
2015
2015
2015
2015
2015
2015
2015
2015
2015
2015
2016
2016
2016
2016
2016
2017
2017
2017
2017
2017
2017
2017
2017
2017
2017
2017
2018
2018
2018
2018
2018
2018
2018
2018
2019
2019
2019
2019
2019
2019
2019
2021
2021
2021
2021
2021
2021
2021
2021
2021
2021
2021
2021
2021
2021
2021
2022
2022
2022
2022
2022
2022
2022
2022
2022
2022
2022
2022
2022
2023
2023
2023
2023
2023
2023
2023
2023
2023
2023
2023
2023
2023
2024
2024
2024
2024
2024
2024
2024
2024
2024
2024
2024
1984
1984
1984
1988
1988
1991
1991
1991
1993
1993
1994
1994
1994
1994
1994
1995
1996
1996
1996
1997
1997
1997
1997
1997
1997
1997
1998
1998
1998
1999
1999
1999
2000
2000
2001
2001
2001
2002
2002
2002
2002
2002
2003
2003
2004
2004
2004
2004
2005
2005
2005
2005
2005
2005
2005
2006
2006
2006
2007
2008
2008
2008
2008
2009
2009
2009
2010
2010
2011
2011
2011
2011
2012
2012
2012
2013
2013
2013
2013
2013
2013
2013
2013
2013
2013
2013
2015
2015
2015
2015
2015
2015
2015
2015
2015
2015
2015
2015
2015
2016
2016
2016
2016
2016
2016
2016
2017
2017
2017
2017
2017
2017
2017
2017
2017
2018
2018
2018
2018
2018
2018
2018
2019
2019
2019
2019
2019
2019
2020
2021
2021
2021
2021
2021
2021
2022
2022
2022
2022
2022
2022
2022
2022
2022
2022
2023
2023
2023
2023
2023
2023
2023
2023
2023
2023
2023
2023
2023
2024
2024
2024
2024
2024
2024
2024
2024
2024
